%YAML:1.0
---
R: !!opencv-matrix
   rows: 3
   cols: 3
   dt: d
   data: [ 9.9816404787320967e-01, -1.6487907038812408e-02,
       5.8281064290627502e-02, 1.6855985357993972e-02,
       9.9984093321733714e-01, -5.8295815197484504e-03,
       -5.8175676111067831e-02, 6.8012634534900971e-03,
       9.9828319304917501e-01 ]
T: !!opencv-matrix
   rows: 3
   cols: 1
   dt: d
   data: [ -6.5371501368182194e+01, -9.6338784992503779e-01,
       3.2091322351605540e+00 ]
R1: !!opencv-matrix
   rows: 3
   cols: 3
   dt: d
   data: [ 9.9995572106766795e-01, -2.0842710764383508e-03,
       9.1766942915412070e-03, 2.1133286274913361e-03,
       9.9999278074975317e-01, -3.1578933624152269e-03,
       -9.1700461368909129e-03, 3.1771469050207845e-03,
       9.9995290688681482e-01 ]
R2: !!opencv-matrix
   rows: 3
   cols: 3
   dt: d
   data: [ 9.9868904301261063e-01, 1.4717803167359048e-02,
       -4.9026336151940283e-02, -1.4562384737258785e-02,
       9.9988774654862178e-01, 3.5257981625767491e-03,
       4.9072724779863443e-02, -2.8072356235366454e-03,
       9.9879126303288890e-01 ]
P1: !!opencv-matrix
   rows: 3
   cols: 4
   dt: d
   data: [ 9.0669084456197299e+02, 0., 3.3187003517150879e+02, 0., 0.,
       9.0669084456197299e+02, 2.2936437034606934e+02, 0., 0., 0., 1.,
       0. ]
P2: !!opencv-matrix
   rows: 3
   cols: 4
   dt: d
   data: [ 9.0669084456197299e+02, 0., 3.3187003517150879e+02,
       -5.9349546488468739e+04, 0., 9.0669084456197299e+02,
       2.2936437034606934e+02, 0., 0., 0., 1., 0. ]
Q: !!opencv-matrix
   rows: 4
   cols: 4
   dt: d
   data: [ 1., 0., 0., -3.3187003517150879e+02, 0., 1., 0.,
       -2.2936437034606934e+02, 0., 0., 0., 9.0669084456197299e+02, 0.,
       0., 1.5277131809897444e-02, 0. ]
