%YAML:1.0
---
R: !!opencv-matrix
   rows: 3
   cols: 3
   dt: d
   data: [ 9.9816404786901991e-01, -1.6487907048534464e-02,
       5.8281064359635162e-02, 1.6855985384739321e-02,
       9.9984093321523182e-01, -5.8295818035035167e-03,
       -5.8175676175206623e-02, 6.8012637394216984e-03,
       9.9828319304348923e-01 ]
T: !!opencv-matrix
   rows: 3
   cols: 1
   dt: d
   data: [ -9.1520101922102185e+01, -1.3487428971780435e+00,
       4.4927849312150299e+00 ]
R1: !!opencv-matrix
   rows: 3
   cols: 3
   dt: d
   data: [ 9.9995572104504871e-01, -2.0842720983884782e-03,
       9.1766965241550681e-03, 2.1133296577636519e-03,
       9.9999278074716602e-01, -3.1578934922194511e-03,
       -9.1700483659671594e-03, 3.1771470489205898e-03,
       9.9995290686591598e-01 ]
R2: !!opencv-matrix
   rows: 3
   cols: 3
   dt: d
   data: [ 9.9868904313346563e-01, 1.4717802156319982e-02,
       -4.9026333993579335e-02, -1.4562383726349565e-02,
       9.9988774656300528e-01, 3.5257982588530910e-03,
       4.9072722620302198e-02, -2.8072358011049258e-03,
       9.9879126313849365e-01 ]
P1: !!opencv-matrix
   rows: 3
   cols: 4
   dt: d
   data: [ 9.0669084639927712e+02, 0., 3.3187003135681152e+02, 0., 0.,
       9.0669084639927712e+02, 2.2936437225341797e+02, 0., 0., 0., 1.,
       0. ]
P2: !!opencv-matrix
   rows: 3
   cols: 4
   dt: d
   data: [ 9.0669084639927712e+02, 0., 3.3187003135681152e+02,
       -8.3089365248207047e+04, 0., 9.0669084639927712e+02,
       2.2936437225341797e+02, 0., 0., 0., 1., 0. ]
Q: !!opencv-matrix
   rows: 4
   cols: 4
   dt: d
   data: [ 1., 0., 0., -3.3187003135681152e+02, 0., 1., 0.,
       -2.2936437225341797e+02, 0., 0., 0., 9.0669084639927712e+02, 0.,
       0., 1.0912237007597577e-02, 0. ]
