%YAML:1.0
---
M1: !!opencv-matrix
   rows: 3
   cols: 3
   dt: d
   data: [ 1.0183272200659642e+03, 0., 3.0245352708527935e+02, 0.,
       1.0250297371274146e+03, 2.2340120249116740e+02, 0., 0., 1. ]
D1: !!opencv-matrix
   rows: 1
   cols: 14
   dt: d
   data: [ 3.1073626130367783e-02, -6.3336723716657231e+00, 0., 0., 0.,
       0., 0., -5.9380845244927841e+01, 0., 0., 0., 0., 0., 0. ]
M2: !!opencv-matrix
   rows: 3
   cols: 3
   dt: d
   data: [ 1.5028507894698876e+03, 0., 3.0616748755633080e+02, 0.,
       1.5103508977576696e+03, 2.2579558160025178e+02, 0., 0., 1. ]
D2: !!opencv-matrix
   rows: 1
   cols: 14
   dt: d
   data: [ 1.2236594595664763e-01, -1.2661034380052312e+01, 0., 0., 0.,
       0., 0., -1.7563812677044928e+02, 0., 0., 0., 0., 0., 0. ]
