%YAML:1.0
---
M1: !!opencv-matrix
   rows: 3
   cols: 3
   dt: d
   data: [ 1.0183272203484742e+03, 0., 3.0245352805262502e+02, 0.,
       1.0250297377394647e+03, 2.2340120252824329e+02, 0., 0., 1. ]
D1: !!opencv-matrix
   rows: 1
   cols: 14
   dt: d
   data: [ 3.1073631674221957e-02, -6.3336724604319841e+00, 0., 0., 0.,
       0., 0., -5.9380845618236108e+01, 0., 0., 0., 0., 0., 0. ]
M2: !!opencv-matrix
   rows: 3
   cols: 3
   dt: d
   data: [ 1.5028507900069776e+03, 0., 3.0616748884117141e+02, 0.,
       1.5103508981129721e+03, 2.2579558197920559e+02, 0., 0., 1. ]
D2: !!opencv-matrix
   rows: 1
   cols: 14
   dt: d
   data: [ 1.2236594808670745e-01, -1.2661034528474204e+01, 0., 0., 0.,
       0., 0., -1.7563812959554818e+02, 0., 0., 0., 0., 0., 0. ]
