%YAML:1.0
---
R: !!opencv-matrix
   rows: 3
   cols: 3
   dt: d
   data: [ 9.9897546533065507e-01, -1.7877496862352255e-02,
       4.1574208030194126e-02, 1.8444232640987598e-02,
       9.9974157961238097e-01, -1.3288501662203443e-02,
       -4.1325899260468618e-02, 1.4041691496320560e-02,
       9.9904704641485020e-01 ]
T: !!opencv-matrix
   rows: 3
   cols: 1
   dt: d
   data: [ -9.1838976426510718e-02, -3.4966429176505410e-03,
       1.2422592616403293e-02 ]
R1: !!opencv-matrix
   rows: 3
   cols: 3
   dt: d
   data: [ 9.9548714969560204e-01, 1.8109024354280499e-02,
       -9.3152552449527790e-02, -1.8723706670179661e-02,
       9.9980828317557457e-01, -5.7288482297355569e-03,
       9.3030949685870765e-02, 7.4471558629016126e-03,
       9.9563536612059866e-01 ]
R2: !!opencv-matrix
   rows: 3
   cols: 3
   dt: d
   data: [ 9.9027075097769734e-01, 3.7703199041350562e-02,
       -1.3394890272083390e-01, -3.6816765357058724e-02,
       9.9928069573898859e-01, 9.0893845801752818e-03,
       1.3419525158033871e-01, -4.0693863728268687e-03,
       9.9094655483927996e-01 ]
P1: !!opencv-matrix
   rows: 3
   cols: 4
   dt: d
   data: [ 9.9634597644144310e+02, 0., 4.2004245376586914e+02, 0., 0.,
       9.9634597644144310e+02, 2.5118148231506348e+02, 0., 0., 0., 1.,
       0. ]
P2: !!opencv-matrix
   rows: 3
   cols: 4
   dt: d
   data: [ 9.9634597644144310e+02, 0., 4.1458990478515625e+02,
       -9.2402400608836416e+01, 0., 9.9634597644144310e+02,
       2.5118148231506348e+02, 0., 0., 0., 1., 0. ]
Q: !!opencv-matrix
   rows: 4
   cols: 4
   dt: d
   data: [ 1., 0., 0., -4.2004245376586914e+02, 0., 1., 0.,
       -2.5118148231506348e+02, 0., 0., 0., 9.9634597644144310e+02, 0.,
       0., 1.0782684972214486e+01, -5.8793117954596298e+01 ]
