%YAML:1.0
---
R: !!opencv-matrix
   rows: 3
   cols: 3
   dt: d
   data: [ 9.9816404981346163e-01, -1.6487888077612124e-02,
       5.8281036424632240e-02, 1.6855966461524367e-02,
       9.9984093350721648e-01, -5.8295864403885411e-03,
       -5.8175648295804488e-02, 6.8012668053923711e-03,
       9.9828319464729276e-01 ]
T: !!opencv-matrix
   rows: 3
   cols: 1
   dt: d
   data: [ -9.1520116513980981e-02, -1.3487412648043871e-03,
       4.4927773379546997e-03 ]
R1: !!opencv-matrix
   rows: 3
   cols: 3
   dt: d
   data: [ 9.9995572046866543e-01, -2.0842728477547378e-03,
       9.1767591604222931e-03, 2.1133306251990953e-03,
       9.9999278073857167e-01, -3.1578955662544183e-03,
       -9.1701109950140559e-03, 3.1771492622925663e-03,
       9.9995290628454292e-01 ]
R2: !!opencv-matrix
   rows: 3
   cols: 3
   dt: d
   data: [ 9.9868904786946666e-01, 1.4717782066677272e-02,
       -4.9026243549917678e-02, -1.4562363818315407e-02,
       9.9988774684944437e-01, 3.5257992518415810e-03,
       4.9072632144618752e-02, -2.8072391025812772e-03,
       9.9879126757447145e-01 ]
P1: !!opencv-matrix
   rows: 3
   cols: 4
   dt: d
   data: [ 9.0669091865906785e+02, 0., 3.3187010383605957e+02, 0., 0.,
       9.0669091865906785e+02, 2.2936417579650879e+02, 0., 0., 0., 1.,
       0. ]
P2: !!opencv-matrix
   rows: 3
   cols: 4
   dt: d
   data: [ 9.0669091865906785e+02, 0., 3.3187010383605957e+02,
       -8.3089384723774671e+01, 0., 9.0669091865906785e+02,
       2.2936417579650879e+02, 0., 0., 0., 1., 0. ]
Q: !!opencv-matrix
   rows: 4
   cols: 4
   dt: d
   data: [ 1., 0., 0., -3.3187010383605957e+02, 0., 1., 0.,
       -2.2936417579650879e+02, 0., 0., 0., 9.0669091865906785e+02, 0.,
       0., 1.0912235319509268e+01, 0. ]
