%YAML:1.0
M1: !!opencv-matrix
   rows: 3
   cols: 3
   dt: d
   data: [ 4.0859880289205807e+02, 0., 1.6917680299946414e+02, 0.,
       4.0859880289205807e+02, 1.3759523126320144e+02, 0., 0., 1. ]
D1: !!opencv-matrix
   rows: 1
   cols: 8
   dt: d
   data: [ -1.2035345227735239e-01, -3.0568327428266751e-01, 0., 0., 0.,
       0., 0., 7.0481844008294781e-01 ]
M2: !!opencv-matrix
   rows: 3
   cols: 3
   dt: d
   data: [ 4.0859880289205807e+02, 0., 1.7120112671264923e+02, 0.,
       4.0859880289205807e+02, 1.3914624762166989e+02, 0., 0., 1. ]
D2: !!opencv-matrix
   rows: 1
   cols: 8
   dt: d
   data: [ -1.0250525781963205e-01, 7.1148554220301141e-02, 0., 0., 0.,
       0., 0., -4.6048948830949082e-01 ]
