%YAML:1.0
---
M1: !!opencv-matrix
   rows: 3
   cols: 3
   dt: d
   data: [ 1.0183272652472424e+03, 0., 3.0245361909930506e+02, 0.,
       1.0250298472664472e+03, 2.2340092560287454e+02, 0., 0., 1. ]
D1: !!opencv-matrix
   rows: 1
   cols: 14
   dt: d
   data: [ 3.1074442205736189e-02, -6.3337155458158394e+00, 0., 0., 0.,
       0., 0., -5.9381315062529659e+01, 0., 0., 0., 0., 0., 0. ]
M2: !!opencv-matrix
   rows: 3
   cols: 3
   dt: d
   data: [ 1.5028508847140354e+03, 0., 3.0616767975498612e+02, 0.,
       1.5103510815499048e+03, 2.2579518284079325e+02, 0., 0., 1. ]
D2: !!opencv-matrix
   rows: 1
   cols: 14
   dt: d
   data: [ 1.2236405107424152e-01, -1.2660942454993586e+01, 0., 0., 0.,
       0., 0., -1.7563670298610219e+02, 0., 0., 0., 0., 0., 0. ]
