%YAML:1.0
R: !!opencv-matrix
   rows: 3
   cols: 3
   dt: d
   data: [ 9.9975261659898229e-01, -3.3562456913178761e-03,
       2.1987296749437387e-02, 2.3742224749345280e-03,
       9.9900486879336059e-01, 4.4538019655120963e-02,
       -2.2114897040859709e-02, -4.4474798954238524e-02,
       9.9876570004523701e-01 ]
T: !!opencv-matrix
   rows: 3
   cols: 1
   dt: d
   data: [ -2.4067625851315588e+00, 7.2349102693103724e-03,
       5.3668843766803087e-01 ]
R1: !!opencv-matrix
   rows: 3
   cols: 3
   dt: d
   data: [ 9.8058830922752116e-01, 3.4728749786203401e-03,
       -1.9604720591147023e-01, 9.1857564769250394e-04,
       9.9975079951742851e-01, 2.2304597800504807e-02,
       1.9607581193275980e-01, -2.2051712034345319e-02,
       9.8034075604927462e-01 ]
R2: !!opencv-matrix
   rows: 3
   cols: 3
   dt: d
   data: [ 9.7602352404162940e-01, -2.9340004954378279e-03,
       -2.1764528976858569e-01, -1.9466430952305533e-03,
       9.9975149981615208e-01, -2.2206962782298539e-02,
       2.1765636011386993e-01, 2.2098195773577804e-02,
       9.7577527056465929e-01 ]
P1: !!opencv-matrix
   rows: 3
   cols: 4
   dt: d
   data: [ 2.6662564563872019e+02, 0., 2.7119135761260986e+02, 0., 0.,
       2.6662564563872019e+02, 1.4071640491485596e+02, 0., 0., 0., 1.,
       0. ]
P2: !!opencv-matrix
   rows: 3
   cols: 4
   dt: d
   data: [ 2.6662564563872019e+02, 0., 2.7119135761260986e+02,
       -6.5746840353045332e+02, 0., 2.6662564563872019e+02,
       1.4071640491485596e+02, 0., 0., 0., 1., 0. ]
Q: !!opencv-matrix
   rows: 4
   cols: 4
   dt: d
   data: [ 1., 0., 0., -2.7119135761260986e+02, 0., 1., 0.,
       -1.4071640491485596e+02, 0., 0., 0., 2.6662564563872019e+02, 0.,
       0., 4.0553377805990698e-01, 0. ]
