%YAML:1.0
---
R: !!opencv-matrix
   rows: 3
   cols: 3
   dt: d
   data: [ 9.9844618291889531e-01, -2.1915361425893808e-02,
       5.1234136552305139e-02, 2.1270745865111712e-02,
       9.9968801045418143e-01, 1.3093400035981443e-02,
       -5.1505098631394124e-02, -1.1983266989133287e-02,
       9.9860083423119450e-01 ]
T: !!opencv-matrix
   rows: 3
   cols: 1
   dt: d
   data: [ -1.7169789726609033e-01, -9.7637339476640286e-02,
       -1.4474847242701353e+01 ]
R1: !!opencv-matrix
   rows: 3
   cols: 3
   dt: d
   data: [ 3.9514562604070991e-02, 5.4995048117017220e-03,
       -9.9920386047544607e-01, 1.1215135277674333e-02,
       9.9991942397260947e-01, 5.9469574563760525e-03,
       9.9915605391896223e-01, -1.1441197887920293e-02,
       3.9449700987168837e-02 ]
R2: !!opencv-matrix
   rows: 3
   cols: 3
   dt: d
   data: [ -1.1860706465058655e-02, -6.7446826198868989e-03,
       -9.9990691211657612e-01, -1.0411199333828317e-02,
       9.9992387975097663e-01, -6.6213013966510380e-03,
       9.9987545752987694e-01, 1.0331696865036056e-02,
       -1.1930023860327996e-02 ]
P1: !!opencv-matrix
   rows: 3
   cols: 4
   dt: d
   data: [ 3.7157991544613345e+00, 0., 3.1813192988932133e+02, 0., 0.,
       3.7157991544613345e+00, 2.3961968231201172e+02, 0., 0., 0., 1.,
       0. ]
P2: !!opencv-matrix
   rows: 3
   cols: 4
   dt: d
   data: [ 3.7157991544613345e+00, 0., 3.1813192988932133e+02,
       5.3790632401504929e+01, 0., 3.7157991544613345e+00,
       2.3961968231201172e+02, 0., 0., 0., 1., 0. ]
Q: !!opencv-matrix
   rows: 4
   cols: 4
   dt: d
   data: [ 1., 0., 0., -3.1813192988932133e+02, 0., 1., 0.,
       -2.3961968231201172e+02, 0., 0., 0., 3.7157991544613345e+00, 0.,
       0., -6.9078926730695503e-02, 0. ]
