%YAML:1.0
---
R: !!opencv-matrix
   rows: 3
   cols: 3
   dt: d
   data: [ 9.9860000000000004e-01, -1.6400000000000001e-02,
       5.0200000000000002e-02, 1.7000000000000001e-02,
       9.9980000000000002e-01, -1.1900000000000001e-02,
       -5.0000000000000003e-02, 1.2699999999999999e-02,
       9.9870000000000003e-01 ]
T: !!opencv-matrix
   rows: 3
   cols: 1
   dt: d
   data: [ -6.4957499999999996e+01, -1.2553000000000001e+00,
       1.4420999999999999e+00 ]
R1: !!opencv-matrix
   rows: 3
   cols: 3
   dt: d
   data: [ 9.9961030452139210e-01, 2.6461840059322636e-03,
       2.7789149048801642e-02, -2.4710242746686958e-03,
       9.9997687671149016e-01, -6.3356200459939770e-03,
       -2.7805271688724112e-02, 6.2644834216359201e-03,
       9.9959372902883725e-01 ]
R2: !!opencv-matrix
   rows: 3
   cols: 3
   dt: d
   data: [ 9.9956711965807443e-01, 1.9316577844072612e-02,
       -2.2191059435154106e-02, -1.9176360760376345e-02,
       9.9979489538389255e-01, 6.5141655105871105e-03,
       2.2312339331602073e-02, -6.0858018950100401e-03,
       9.9973252549311720e-01 ]
P1: !!opencv-matrix
   rows: 3
   cols: 4
   dt: d
   data: [ 8.5282367086080239e+02, 0., 3.1727296066284180e+02, 0., 0.,
       8.5282367086080239e+02, 2.2562263679504395e+02, 0., 0., 0., 1.,
       0. ]
P2: !!opencv-matrix
   rows: 3
   cols: 4
   dt: d
   data: [ 8.5282367086080239e+02, 0., 3.1727296066284180e+02,
       -5.5421284384474871e+04, 0., 8.5282367086080239e+02,
       2.2562263679504395e+02, 0., 0., 0., 1., 0. ]
Q: !!opencv-matrix
   rows: 4
   cols: 4
   dt: d
   data: [ 1., 0., 0., -3.1727296066284180e+02, 0., 1., 0.,
       -2.2562263679504395e+02, 0., 0., 0., 8.5282367086080239e+02, 0.,
       0., 1.5388017082832229e-02, 0. ]
