%YAML:1.0
---
R: !!opencv-matrix
   rows: 3
   cols: 3
   dt: d
   data: [ 9.9838016597253176e-01, -1.7268278261186588e-02,
       5.4211168208720059e-02, 1.7960754259111204e-02,
       9.9976287820442666e-01, -1.2312541201742281e-02,
       -5.3985697171600261e-02, 1.3266270398835279e-02,
       9.9845357957723868e-01 ]
T: !!opencv-matrix
   rows: 3
   cols: 1
   dt: d
   data: [ -6.4847421708173400e+01, -1.0314103519673787e+00,
       3.1515591609081568e+00 ]
R1: !!opencv-matrix
   rows: 3
   cols: 3
   dt: d
   data: [ 9.9998294627943130e-01, -2.0089735895693437e-03,
       5.4837191233887937e-03, 2.0440032523306507e-03,
       9.9997749582913720e-01, -6.3898267576207521e-03,
       -5.4707587236386863e-03, 6.4009265270238364e-03,
       9.9996454884089936e-01 ]
R2: !!opencv-matrix
   rows: 3
   cols: 3
   dt: d
   data: [ 9.9869511021093149e-01, 1.5884432225637041e-02,
       -4.8536189113326300e-02, -1.5573597319773995e-02,
       9.9985576621513850e-01, 6.7756795127967137e-03,
       4.8636816377071380e-02, -6.0109549330991047e-03,
       9.9879844238639826e-01 ]
P1: !!opencv-matrix
   rows: 3
   cols: 4
   dt: d
   data: [ 8.9177426072858816e+02, 0., 3.3538026046752930e+02, 0., 0.,
       8.9177426072858816e+02, 2.4195168304443359e+02, 0., 0., 0., 1.,
       0. ]
P2: !!opencv-matrix
   rows: 3
   cols: 4
   dt: d
   data: [ 8.9177426072858816e+02, 0., 3.3538026046752930e+02,
       -5.7904820963574537e+04, 0., 8.9177426072858816e+02,
       2.4195168304443359e+02, 0., 0., 0., 1., 0. ]
Q: !!opencv-matrix
   rows: 4
   cols: 4
   dt: d
   data: [ 1., 0., 0., -3.3538026046752930e+02, 0., 1., 0.,
       -2.4195168304443359e+02, 0., 0., 0., 8.9177426072858816e+02, 0.,
       0., 1.5400691097716466e-02, 0. ]
