%YAML:1.0
---
M1: !!opencv-matrix
   rows: 3
   cols: 3
   dt: d
   data: [ 1.0099956463948225e+03, 0., 3.0509687600820450e+02, 0.,
       1.0111054605123551e+03, 2.3472025089613473e+02, 0., 0., 1. ]
D1: !!opencv-matrix
   rows: 1
   cols: 14
   dt: d
   data: [ -1.0441644973994643e-01, -2.8897781533246887e+00, 0., 0., 0.,
       0., 0., -2.6078029898373277e+01, 0., 0., 0., 0., 0., 0. ]
M2: !!opencv-matrix
   rows: 3
   cols: 3
   dt: d
   data: [ 1.4911082392596149e+03, 0., 3.1759512129528656e+02, 0.,
       1.4916653432659596e+03, 2.5319759822901185e+02, 0., 0., 1. ]
D2: !!opencv-matrix
   rows: 1
   cols: 14
   dt: d
   data: [ -1.0935499863367026e-01, -3.5233879429900967e+00, 0., 0., 0.,
       0., 0., -4.4375449707961927e+01, 0., 0., 0., 0., 0., 0. ]
