%YAML:1.0
---
M1: !!opencv-matrix
   rows: 3
   cols: 3
   dt: d
   data: [ 7.4724242586962725e+02, 0., 3.1372989547167492e+02, 0.,
       7.5120522819575399e+02, 2.4564778146648143e+02, 0., 0., 1. ]
D1: !!opencv-matrix
   rows: 1
   cols: 14
   dt: d
   data: [ 4.5730385068035462e+00, 4.4930094607116203e+01, 0., 0., 0.,
       0., 0., 1.2519471988791795e+03, 0., 0., 0., 0., 0., 0. ]
M2: !!opencv-matrix
   rows: 3
   cols: 3
   dt: d
   data: [ 7.4724242586962725e+02, 0., 2.6231056066490305e+02, 0.,
       7.5120522819575399e+02, 2.4894138057905178e+02, 0., 0., 1. ]
D2: !!opencv-matrix
   rows: 1
   cols: 14
   dt: d
   data: [ -2.9713986191769548e+00, 5.4056306128291169e+01, 0., 0., 0.,
       0., 0., 2.5991597334078773e+02, 0., 0., 0., 0., 0., 0. ]
