%YAML:1.0
---
M1: !!opencv-matrix
   rows: 3
   cols: 3
   dt: d
   data: [ 1.0063561257473139e+03, 0., 2.5247995967233152e+02, 0.,
       9.9634597644144310e+02, 2.4550908736980358e+02, 0., 0., 1. ]
D1: !!opencv-matrix
   rows: 1
   cols: 14
   dt: d
   data: [ 4.3343597233665805e-04, -6.7045130702714948e+00, 0., 0., 0.,
       0., 0., -5.7888409258009730e+01, 0., 0., 0., 0., 0., 0. ]
M2: !!opencv-matrix
   rows: 3
   cols: 3
   dt: d
   data: [ 1.4888640290383721e+03, 0., 2.5819603775777466e+02, 0.,
       1.4829458730779852e+03, 2.7101867574912882e+02, 0., 0., 1. ]
D2: !!opencv-matrix
   rows: 1
   cols: 14
   dt: d
   data: [ -1.4504629922213175e-02, -3.2572428905646698e+00, 0., 0., 0.,
       0., 0., 1.5312923763348454e+01, 0., 0., 0., 0., 0., 0. ]
